{
 "cells": [
  {
   "cell_type": "markdown",
   "metadata": {},
   "source": [
    "# Exercise 3: Numpy"
   ]
  },
  {
   "cell_type": "markdown",
   "metadata": {},
   "source": [
    "Perform the follwing tasks:\n"
   ]
  },
  {
   "cell_type": "code",
   "execution_count": 13,
   "metadata": {},
   "outputs": [],
   "source": [
    "#3.1: import the numpy library\n",
    "import numpy as np"
   ]
  },
  {
   "cell_type": "code",
   "execution_count": 14,
   "metadata": {},
   "outputs": [
    {
     "data": {
      "text/plain": [
       "array([[0.92681297, 0.93063868, 0.41323482, 0.60969922, 0.46617044,\n",
       "        0.83844777, 0.45022625, 0.61116126, 0.43065531, 0.84425709],\n",
       "       [0.06360522, 0.21080348, 0.05539288, 0.3445529 , 0.79425781,\n",
       "        0.58848607, 0.75780372, 0.08168053, 0.89196697, 0.50057291],\n",
       "       [0.68884548, 0.36717534, 0.30809602, 0.32393648, 0.10277209,\n",
       "        0.19678646, 0.29593839, 0.85284728, 0.36466931, 0.45136662],\n",
       "       [0.59204123, 0.3519429 , 0.5523615 , 0.28243004, 0.20826691,\n",
       "        0.55056337, 0.45412335, 0.27576968, 0.13103234, 0.29194738],\n",
       "       [0.95973488, 0.96892783, 0.55563707, 0.25044309, 0.06343156,\n",
       "        0.13493046, 0.62076433, 0.8622263 , 0.25977921, 0.4835825 ],\n",
       "       [0.51122748, 0.31581559, 0.20376802, 0.34330235, 0.78848033,\n",
       "        0.8178162 , 0.53240826, 0.60499405, 0.52095884, 0.66028499],\n",
       "       [0.67635015, 0.8955945 , 0.78423949, 0.5293816 , 0.76027797,\n",
       "        0.9737237 , 0.55544469, 0.30287844, 0.26825101, 0.51046966],\n",
       "       [0.03161817, 0.19682086, 0.17781396, 0.5504799 , 0.67825275,\n",
       "        0.62538398, 0.28594468, 0.85138375, 0.60967244, 0.28940517],\n",
       "       [0.79512018, 0.78504245, 0.41835172, 0.16196699, 0.86829336,\n",
       "        0.26448235, 0.75025516, 0.1062293 , 0.76799036, 0.07456543],\n",
       "       [0.42992317, 0.23721247, 0.81298368, 0.14364921, 0.69225328,\n",
       "        0.07265065, 0.85650379, 0.00408391, 0.23510085, 0.12088174]])"
      ]
     },
     "execution_count": 14,
     "metadata": {},
     "output_type": "execute_result"
    }
   ],
   "source": [
    "#3.2: create a random 10x10 array named A\n",
    "A = np.random.rand(10,10)\n",
    "A"
   ]
  },
  {
   "cell_type": "code",
   "execution_count": 15,
   "metadata": {},
   "outputs": [
    {
     "data": {
      "text/plain": [
       "array([[0.92681297, 0.93063868, 0.41323482, 0.60969922, 0.46617044,\n",
       "        0.83844777, 0.45022625, 0.61116126, 0.43065531, 0.84425709],\n",
       "       [0.68884548, 0.36717534, 0.30809602, 0.32393648, 0.10277209,\n",
       "        0.19678646, 0.29593839, 0.85284728, 0.36466931, 0.45136662],\n",
       "       [0.95973488, 0.96892783, 0.55563707, 0.25044309, 0.06343156,\n",
       "        0.13493046, 0.62076433, 0.8622263 , 0.25977921, 0.4835825 ],\n",
       "       [0.67635015, 0.8955945 , 0.78423949, 0.5293816 , 0.76027797,\n",
       "        0.9737237 , 0.55544469, 0.30287844, 0.26825101, 0.51046966],\n",
       "       [0.79512018, 0.78504245, 0.41835172, 0.16196699, 0.86829336,\n",
       "        0.26448235, 0.75025516, 0.1062293 , 0.76799036, 0.07456543]])"
      ]
     },
     "execution_count": 15,
     "metadata": {},
     "output_type": "execute_result"
    }
   ],
   "source": [
    "#3.3: return only the odd rows of A\n",
    "A[0:10:2,:] # start:stop:stepsize , all"
   ]
  },
  {
   "cell_type": "code",
   "execution_count": 16,
   "metadata": {},
   "outputs": [
    {
     "data": {
      "text/plain": [
       "array([[4.66233211, 2.54961591, 2.7104455 , 2.51130847, 3.64280901,\n",
       "        3.50575714, 4.25967387, 2.61807609, 3.16207386, 2.01779436],\n",
       "       [2.54961591, 2.77454663, 1.29246833, 1.35885203, 1.52677984,\n",
       "        2.58427103, 2.57499029, 2.12466545, 2.43990683, 1.68406796],\n",
       "       [2.7104455 , 1.29246833, 2.0101144 , 1.47760763, 2.53432601,\n",
       "        2.04560951, 2.22851737, 1.68360363, 1.7849511 , 1.1629518 ],\n",
       "       [2.51130847, 1.35885203, 1.47760763, 1.59042139, 2.0692531 ,\n",
       "        1.90745228, 2.51270454, 1.35626759, 1.8427148 , 1.46800298],\n",
       "       [3.64280901, 1.52677984, 2.53432601, 2.0692531 , 3.68371608,\n",
       "        2.46298535, 3.18731659, 1.79504137, 2.68042501, 1.8386062 ],\n",
       "       [3.50575714, 2.58427103, 2.04560951, 1.90745228, 2.46298535,\n",
       "        3.16784623, 3.32170979, 2.52580065, 2.60923241, 1.7756968 ],\n",
       "       [4.25967387, 2.57499029, 2.22851737, 2.51270454, 3.18731659,\n",
       "        3.32170979, 4.41376796, 2.48110115, 3.26534407, 2.41564043],\n",
       "       [2.61807609, 2.12466545, 1.68360363, 1.35626759, 1.79504137,\n",
       "        2.52580065, 2.48110115, 2.48759047, 1.89230224, 1.22558283],\n",
       "       [3.16207386, 2.43990683, 1.7849511 , 1.8427148 , 2.68042501,\n",
       "        2.60923241, 3.26534407, 1.89230224, 3.44318016, 2.34433475],\n",
       "       [2.01779436, 1.68406796, 1.1629518 , 1.46800298, 1.8386062 ,\n",
       "        1.7756968 , 2.41564043, 1.22558283, 2.34433475, 2.21067421]])"
      ]
     },
     "execution_count": 16,
     "metadata": {},
     "output_type": "execute_result"
    }
   ],
   "source": [
    "#3.4: perform a matrix multiplication of A with it's transposed\n",
    "A.dot(A.T)"
   ]
  },
  {
   "cell_type": "code",
   "execution_count": 17,
   "metadata": {},
   "outputs": [
    {
     "data": {
      "text/plain": [
       "array([[ True,  True,  True,  True,  True,  True,  True,  True,  True,\n",
       "         True],\n",
       "       [ True,  True,  True,  True,  True,  True,  True,  True,  True,\n",
       "         True],\n",
       "       [ True,  True,  True,  True,  True,  True,  True,  True,  True,\n",
       "         True],\n",
       "       [ True,  True,  True,  True,  True,  True,  True,  True,  True,\n",
       "         True],\n",
       "       [ True,  True,  True,  True,  True,  True,  True,  True,  True,\n",
       "         True],\n",
       "       [ True,  True,  True,  True,  True,  True,  True,  True,  True,\n",
       "         True],\n",
       "       [ True,  True,  True,  True,  True,  True,  True,  True,  True,\n",
       "         True],\n",
       "       [ True,  True,  True,  True,  True,  True,  True,  True,  True,\n",
       "         True],\n",
       "       [ True,  True,  True,  True,  True,  True,  True,  True,  True,\n",
       "         True],\n",
       "       [ True,  True,  True,  True,  True,  True,  True,  True,  True,\n",
       "         True]])"
      ]
     },
     "execution_count": 17,
     "metadata": {},
     "output_type": "execute_result"
    }
   ],
   "source": [
    "#3.5: compute the matrix inverse of A\n",
    "A_inv=np.linalg.inv(A)\n",
    "np.isclose(A.dot(A_inv),np.identity(10))#test for identity AA^-1"
   ]
  },
  {
   "cell_type": "code",
   "execution_count": 27,
   "metadata": {},
   "outputs": [
    {
     "data": {
      "text/plain": [
       "array([[0.46340648, 0.46531934, 0.41323482, 0.30484961, 0.46617044,\n",
       "        0.41922389, 0.45022625, 0.30558063, 0.43065531, 0.42212855],\n",
       "       [0.06360522, 0.21080348, 0.05539288, 0.3445529 , 0.3971289 ,\n",
       "        0.29424304, 0.37890186, 0.08168053, 0.44598349, 0.25028646],\n",
       "       [0.34442274, 0.36717534, 0.30809602, 0.32393648, 0.10277209,\n",
       "        0.19678646, 0.29593839, 0.42642364, 0.36466931, 0.45136662],\n",
       "       [0.29602061, 0.3519429 , 0.27618075, 0.28243004, 0.20826691,\n",
       "        0.27528169, 0.45412335, 0.27576968, 0.13103234, 0.29194738],\n",
       "       [0.47986744, 0.48446391, 0.27781854, 0.25044309, 0.06343156,\n",
       "        0.13493046, 0.31038216, 0.43111315, 0.25977921, 0.4835825 ],\n",
       "       [0.25561374, 0.31581559, 0.20376802, 0.34330235, 0.39424017,\n",
       "        0.4089081 , 0.26620413, 0.30249702, 0.26047942, 0.33014249],\n",
       "       [0.33817507, 0.44779725, 0.39211974, 0.2646908 , 0.38013899,\n",
       "        0.48686185, 0.27772234, 0.30287844, 0.26825101, 0.25523483],\n",
       "       [0.03161817, 0.19682086, 0.17781396, 0.27523995, 0.33912637,\n",
       "        0.31269199, 0.28594468, 0.42569187, 0.30483622, 0.28940517],\n",
       "       [0.39756009, 0.39252123, 0.41835172, 0.16196699, 0.43414668,\n",
       "        0.26448235, 0.37512758, 0.1062293 , 0.38399518, 0.07456543],\n",
       "       [0.42992317, 0.23721247, 0.40649184, 0.14364921, 0.34612664,\n",
       "        0.07265065, 0.4282519 , 0.00408391, 0.23510085, 0.12088174]])"
      ]
     },
     "execution_count": 27,
     "metadata": {},
     "output_type": "execute_result"
    }
   ],
   "source": [
    "#same in one line with where\n",
    "np.where(A>0.5, A/2, A) # np.where(condition, Array to take value if condition is true, Array to take Value if condition is false )"
   ]
  },
  {
   "cell_type": "code",
   "execution_count": 29,
   "metadata": {},
   "outputs": [
    {
     "data": {
      "text/plain": [
       "array([0.46340648, 0.46531934, 0.30484961, 0.41922389, 0.30558063,\n",
       "       0.42212855, 0.3971289 , 0.29424304, 0.37890186, 0.44598349,\n",
       "       0.25028646, 0.34442274, 0.42642364, 0.29602061, 0.27618075,\n",
       "       0.27528169, 0.47986744, 0.48446391, 0.27781854, 0.31038216,\n",
       "       0.43111315, 0.25561374, 0.39424017, 0.4089081 , 0.26620413,\n",
       "       0.30249702, 0.26047942, 0.33014249, 0.33817507, 0.44779725,\n",
       "       0.39211974, 0.2646908 , 0.38013899, 0.48686185, 0.27772234,\n",
       "       0.25523483, 0.27523995, 0.33912637, 0.31269199, 0.42569187,\n",
       "       0.30483622, 0.39756009, 0.39252123, 0.43414668, 0.37512758,\n",
       "       0.38399518, 0.40649184, 0.34612664, 0.4282519 ])"
      ]
     },
     "execution_count": 29,
     "metadata": {},
     "output_type": "execute_result"
    }
   ],
   "source": [
    "# if we need only the values to change:\n",
    "mask=A>0.5 #generate a mask with indix values\n",
    "A[mask]/2 #manipulate Array at mask locations\n",
    "\n"
   ]
  },
  {
   "cell_type": "code",
   "execution_count": 20,
   "metadata": {},
   "outputs": [
    {
     "data": {
      "text/plain": [
       "array([0.46340648, 0.46531934, 0.30484961, 0.41922389, 0.30558063,\n",
       "       0.42212855, 0.3971289 , 0.29424304, 0.37890186, 0.44598349,\n",
       "       0.25028646, 0.34442274, 0.42642364, 0.29602061, 0.27618075,\n",
       "       0.27528169, 0.47986744, 0.48446391, 0.27781854, 0.31038216,\n",
       "       0.43111315, 0.25561374, 0.39424017, 0.4089081 , 0.26620413,\n",
       "       0.30249702, 0.26047942, 0.33014249, 0.33817507, 0.44779725,\n",
       "       0.39211974, 0.2646908 , 0.38013899, 0.48686185, 0.27772234,\n",
       "       0.25523483, 0.27523995, 0.33912637, 0.31269199, 0.42569187,\n",
       "       0.30483622, 0.39756009, 0.39252123, 0.43414668, 0.37512758,\n",
       "       0.38399518, 0.40649184, 0.34612664, 0.4282519 ])"
      ]
     },
     "execution_count": 20,
     "metadata": {},
     "output_type": "execute_result"
    }
   ],
   "source": [
    "#or even simpler\n",
    "A[A>0.5]/2"
   ]
  },
  {
   "cell_type": "code",
   "execution_count": null,
   "metadata": {},
   "outputs": [],
   "source": []
  },
  {
   "cell_type": "code",
   "execution_count": null,
   "metadata": {},
   "outputs": [],
   "source": []
  }
 ],
 "metadata": {
  "kernelspec": {
   "display_name": "Python 3",
   "language": "python",
   "name": "python3"
  },
  "language_info": {
   "codemirror_mode": {
    "name": "ipython",
    "version": 3
   },
   "file_extension": ".py",
   "mimetype": "text/x-python",
   "name": "python",
   "nbconvert_exporter": "python",
   "pygments_lexer": "ipython3",
   "version": "3.7.6"
  }
 },
 "nbformat": 4,
 "nbformat_minor": 4
}
